[gd_scene load_steps=10 format=2]

[ext_resource path="res://characters/enemies/raw_assets/minotaur/minotaur.glb" type="PackedScene" id=1]
[ext_resource path="res://characters/HitBox.gd" type="Script" id=2]
[ext_resource path="res://characters/enemies/Monster.gd" type="Script" id=3]
[ext_resource path="res://characters/HealthManager.tscn" type="PackedScene" id=4]
[ext_resource path="res://characters/CharacterMover.tscn" type="PackedScene" id=5]
[ext_resource path="res://characters/enemies/AimAtObject.gd" type="Script" id=6]
[ext_resource path="res://weapons/DamageArea.tscn" type="PackedScene" id=7]

[sub_resource type="CapsuleShape" id=1]

[sub_resource type="CapsuleShape" id=2]
radius = 0.548458
height = 1.24491

[node name="Minotaur" type="KinematicBody"]
script = ExtResource( 3 )
attack_range = 3.0

[node name="CollisionShape" type="CollisionShape" parent="."]
transform = Transform( 1, 0, 0, 0, -4.37114e-08, 1, 0, -1, -4.37114e-08, 0, 1, 0 )
shape = SubResource( 1 )

[node name="HealthManager" parent="." instance=ExtResource( 4 )]
max_health = 20

[node name="Graphics" parent="." instance=ExtResource( 1 )]
transform = Transform( 0.528931, 0, 0, 0, 0.528931, 0, 0, 0, 0.528931, 0, -0.208161, 0 )

[node name="Skeleton" parent="Graphics/Armature" index="0"]
bones/1/bound_children = [ NodePath("head") ]
bones/2/bound_children = [ NodePath("uparml") ]
bones/3/bound_children = [ NodePath("lowarml") ]
bones/4/bound_children = [ NodePath("handl") ]
bones/5/bound_children = [ NodePath("uplegl") ]
bones/6/bound_children = [ NodePath("lowlegl") ]
bones/7/bound_children = [ NodePath("footl") ]
bones/8/bound_children = [ NodePath("uparmr") ]
bones/9/bound_children = [ NodePath("lowarmr") ]
bones/10/bound_children = [ NodePath("handr") ]
bones/11/bound_children = [ NodePath("uplegr") ]
bones/12/bound_children = [ NodePath("lowlegr") ]
bones/13/bound_children = [ NodePath("footr") ]

[node name="body" type="BoneAttachment" parent="Graphics/Armature/Skeleton" index="1"]

[node name="HitBox" type="Area" parent="Graphics/Armature/Skeleton/body"]
collision_layer = 4
collision_mask = 0
script = ExtResource( 2 )
weak_spot = true

[node name="CollisionShape" type="CollisionShape" parent="Graphics/Armature/Skeleton/body/HitBox"]
transform = Transform( 1, 0, 0, 0, -2.65557e-08, 0.607524, 0, -0.653023, -2.85445e-08, -0.00293159, 3.15443, -0.264211 )
shape = SubResource( 2 )

[node name="uparml" type="BoneAttachment" parent="Graphics/Armature/Skeleton" index="2"]
transform = Transform( -0.96625, 0.256225, 0.0266308, -0.257605, -0.961074, -0.0998793, 2.60957e-06, -0.103369, 0.994643, 0.657546, 3.58383, -0.252504 )
bone_name = "upperarml"

[node name="HitBox" type="Area" parent="Graphics/Armature/Skeleton/uparml"]
collision_layer = 4
collision_mask = 0
script = ExtResource( 2 )

[node name="CollisionShape" type="CollisionShape" parent="Graphics/Armature/Skeleton/uparml/HitBox"]
transform = Transform( 0.382054, 0.0118102, 0.0227305, 0.0338447, 0.0789441, 0.311554, 0.0162657, -0.574377, 0.00525567, 0.0345563, 0.277204, 0.0291842 )
shape = SubResource( 2 )

[node name="uplegl" type="BoneAttachment" parent="Graphics/Armature/Skeleton" index="3"]
transform = Transform( -0.995401, 0.0954724, -0.00710642, -0.09573, -0.993425, 0.0627873, -0.00106524, 0.0631792, 0.998002, 0.259894, 2.4938, -0.252018 )
bone_name = "upperlegl"

[node name="HitBox" type="Area" parent="Graphics/Armature/Skeleton/uplegl"]
collision_layer = 4
collision_mask = 0
script = ExtResource( 2 )

[node name="CollisionShape" type="CollisionShape" parent="Graphics/Armature/Skeleton/uplegl/HitBox"]
transform = Transform( 0.501681, -0.0065372, -0.0265683, 0.064237, 0.0825963, 0.31343, 0.0130939, -0.543143, 0.00412968, 0.00559253, 0.275599, -0.0403895 )
shape = SubResource( 2 )

[node name="uplegr" type="BoneAttachment" parent="Graphics/Armature/Skeleton" index="4"]
transform = Transform( -0.995401, -0.0954724, 0.00710642, 0.09573, -0.993425, 0.0627873, 0.00106524, 0.0631792, 0.998002, -0.259894, 2.4938, -0.252018 )
bone_name = "upperlegr"

[node name="HitBox" type="Area" parent="Graphics/Armature/Skeleton/uplegr"]
collision_layer = 4
collision_mask = 0
script = ExtResource( 2 )

[node name="CollisionShape" type="CollisionShape" parent="Graphics/Armature/Skeleton/uplegr/HitBox"]
transform = Transform( 0.504737, 0.0151334, 0.031629, -0.029342, 0.0816891, 0.31296, 0.0190147, -0.543109, 0.0040973, -0.00486717, 0.274596, -0.0403149 )
shape = SubResource( 2 )

[node name="footr" type="BoneAttachment" parent="Graphics/Armature/Skeleton" index="5"]
transform = Transform( -0.999255, -0.0366053, 0.0117078, 0.0384312, -0.951726, 0.304532, -4.85871e-06, 0.304757, 0.95243, -0.433158, 0.511713, -0.297765 )
bone_name = "footr"

[node name="HitBox" type="Area" parent="Graphics/Armature/Skeleton/footr"]
collision_layer = 4
collision_mask = 0
script = ExtResource( 2 )

[node name="CollisionShape" type="CollisionShape" parent="Graphics/Armature/Skeleton/footr/HitBox"]
transform = Transform( 0.389654, 0.0146442, 0.0212888, -0.0252963, -0.0461043, 0.296667, 0.0318772, -0.506616, -0.0895224, -0.00240523, 0.201996, -0.0571843 )
shape = SubResource( 2 )

[node name="footl" type="BoneAttachment" parent="Graphics/Armature/Skeleton" index="6"]
transform = Transform( -0.999255, 0.0366053, -0.0117078, -0.0384312, -0.951726, 0.304532, 4.85871e-06, 0.304757, 0.95243, 0.433158, 0.511713, -0.297765 )
bone_name = "footl"

[node name="HitBox" type="Area" parent="Graphics/Armature/Skeleton/footl"]
collision_layer = 4
collision_mask = 0
script = ExtResource( 2 )

[node name="CollisionShape" type="CollisionShape" parent="Graphics/Armature/Skeleton/footl/HitBox"]
transform = Transform( 0.389654, 0.0146442, 0.0212888, -0.0252963, -0.0461043, 0.296667, 0.0318772, -0.506616, -0.0895224, -0.00240523, 0.201996, -0.0571843 )
shape = SubResource( 2 )

[node name="lowlegr" type="BoneAttachment" parent="Graphics/Armature/Skeleton" index="7"]
transform = Transform( -0.997158, -0.0745124, -0.0105707, 0.0752578, -0.987288, -0.139995, -4.94975e-06, -0.140394, 0.990096, -0.370153, 1.34652, -0.179054 )
bone_name = "lowerlegr"

[node name="HitBox" type="Area" parent="Graphics/Armature/Skeleton/lowlegr"]
collision_layer = 4
collision_mask = 0
script = ExtResource( 2 )

[node name="CollisionShape" type="CollisionShape" parent="Graphics/Armature/Skeleton/lowlegr/HitBox"]
transform = Transform( 0.396876, 0.011443, -0.00142983, -0.0946367, 0.0816481, 0.584309, 0.00889326, -0.522475, 0.0440727, 0.000465572, 0.00667286, -0.137334 )
shape = SubResource( 2 )

[node name="lowlegl" type="BoneAttachment" parent="Graphics/Armature/Skeleton" index="8"]
transform = Transform( -0.997158, 0.0745124, 0.0105707, -0.0752578, -0.987288, -0.139995, 4.94975e-06, -0.140394, 0.990096, 0.370153, 1.34652, -0.179054 )
bone_name = "lowerlegl"

[node name="HitBox" type="Area" parent="Graphics/Armature/Skeleton/lowlegl"]
collision_layer = 4
collision_mask = 0
script = ExtResource( 2 )

[node name="CollisionShape" type="CollisionShape" parent="Graphics/Armature/Skeleton/lowlegl/HitBox"]
transform = Transform( 0.396876, 0.011443, -0.00142981, -0.0946367, 0.0816481, 0.584309, 0.00889326, -0.522475, 0.0440727, 0.00046578, 0.000109315, -0.0910466 )
shape = SubResource( 2 )

[node name="uparmr" type="BoneAttachment" parent="Graphics/Armature/Skeleton" index="9"]
transform = Transform( -0.977296, -0.211829, -0.00461062, 0.206107, -0.945403, -0.252457, 0.0491187, -0.247675, 0.967597, -0.662715, 3.58383, -0.252504 )
bone_name = "upperarmr"

[node name="HitBox" type="Area" parent="Graphics/Armature/Skeleton/uparmr"]
collision_layer = 4
collision_mask = 0
script = ExtResource( 2 )

[node name="CollisionShape" type="CollisionShape" parent="Graphics/Armature/Skeleton/uparmr/HitBox"]
transform = Transform( 0.382054, 0.0118102, 0.0227305, 0.0338447, 0.0789441, 0.311554, 0.0162657, -0.574377, 0.00525567, 0.0101423, 0.27073, 0.0285113 )
shape = SubResource( 2 )

[node name="lowarmr" type="BoneAttachment" parent="Graphics/Armature/Skeleton" index="10"]
transform = Transform( -0.989721, 0.142382, -0.0133512, -0.130215, -0.858659, 0.495731, 0.0591193, 0.492374, 0.868374, -0.845023, 2.77018, -0.465662 )
bone_name = "lowerarmr"

[node name="HitBox" type="Area" parent="Graphics/Armature/Skeleton/lowarmr"]
collision_layer = 4
collision_mask = 0
script = ExtResource( 2 )

[node name="CollisionShape" type="CollisionShape" parent="Graphics/Armature/Skeleton/lowarmr/HitBox"]
transform = Transform( 0.227775, 0.0243262, 0.0457706, 0.071728, 0.103651, 0.302433, 0.00446023, -0.431045, -0.0107324, -0.0599337, 0.00170684, 0.0810034 )
shape = SubResource( 2 )

[node name="lowarml" type="BoneAttachment" parent="Graphics/Armature/Skeleton" index="11"]
transform = Transform( -0.970871, -0.238569, 0.0222469, 0.238487, -0.953216, 0.185752, -0.0231085, 0.185647, 0.982345, 0.878062, 2.75669, -0.341467 )
bone_name = "lowerarml"

[node name="HitBox" type="Area" parent="Graphics/Armature/Skeleton/lowarml"]
collision_layer = 4
collision_mask = 0
script = ExtResource( 2 )

[node name="CollisionShape" type="CollisionShape" parent="Graphics/Armature/Skeleton/lowarml/HitBox"]
transform = Transform( 0.201982, -0.0232483, -0.0332332, 0.127301, 0.101165, 0.303983, -0.00664889, -0.431695, -0.0128837, 0.0419756, 0.00918078, 0.0819883 )
shape = SubResource( 2 )

[node name="handl" type="BoneAttachment" parent="Graphics/Armature/Skeleton" index="12"]
transform = Transform( -0.991781, -0.12795, 2.77534e-06, 0.12795, -0.991781, -5.96046e-07, 2.83285e-06, -2.08616e-07, 1, 0.763739, 2.29991, -0.252505 )
bone_name = "handl"

[node name="HitBox" type="Area" parent="Graphics/Armature/Skeleton/handl"]
collision_layer = 4
collision_mask = 0
script = ExtResource( 2 )

[node name="CollisionShape" type="CollisionShape" parent="Graphics/Armature/Skeleton/handl/HitBox"]
transform = Transform( 0.163326, -0.00612168, 0.00869241, 0.0570838, 0.0627343, 0.185043, -0.00283473, -0.184037, -0.00549256, -0.0122426, 0.205725, 0.0146573 )
shape = SubResource( 2 )

[node name="handr" type="BoneAttachment" parent="Graphics/Armature/Skeleton" index="13"]
transform = Transform( -0.999765, 0.0184427, -0.0113959, -0.0211446, -0.945569, 0.324736, -0.00478658, 0.3249, 0.945736, -0.776627, 2.35771, -0.229142 )
bone_name = "handr"

[node name="HitBox" type="Area" parent="Graphics/Armature/Skeleton/handr"]
collision_layer = 4
collision_mask = 0
script = ExtResource( 2 )

[node name="CollisionShape" type="CollisionShape" parent="Graphics/Armature/Skeleton/handr/HitBox"]
transform = Transform( 0.163326, -0.00612291, 0.00869238, 0.0570838, 0.0627343, 0.185043, -0.00389962, -0.253209, -0.00755697, -0.0122425, 0.205726, 0.0164203 )
shape = SubResource( 2 )

[node name="head" type="BoneAttachment" parent="Graphics/Armature/Skeleton" index="14"]
transform = Transform( 1, 0, 2.38419e-07, 4.49591e-08, 0.982059, -0.188572, -2.34141e-07, 0.188572, 0.982059, 0, 3.83657, -0.354401 )
bone_name = "head"

[node name="HitBox" type="Area" parent="Graphics/Armature/Skeleton/head"]
collision_layer = 4
collision_mask = 0
script = ExtResource( 2 )
weak_spot = true

[node name="CollisionShape" type="CollisionShape" parent="Graphics/Armature/Skeleton/head/HitBox"]
transform = Transform( 0.646343, -9.2893e-08, -1.29628e-07, 2.72805e-07, 0.747208, -0.0301942, 1.42251e-07, -0.0324551, 0.543698, 0.0376118, 0.274151, 0.188725 )
shape = SubResource( 2 )

[node name="CharacterMover" parent="." instance=ExtResource( 5 )]
move_accel = 2
max_speed = 10
ignore_rotation = true

[node name="AimAtObject" type="Spatial" parent="."]
transform = Transform( 1, 0, 0, 0, 1, 0, 0, 0, 1, 0, 2.92457, 0 )
script = ExtResource( 6 )

[node name="DamageArea" parent="AimAtObject" instance=ExtResource( 7 )]
transform = Transform( 2.31616, 0, 0, 0, 2.31616, 0, 0, 0, 2.31616, 0.217681, -0.257381, 1.49247 )

[editable path="Graphics"]
