[gd_scene load_steps=11 format=2]

[ext_resource path="res://characters/enemies/raw_assets/shade/shade.glb" type="PackedScene" id=1]
[ext_resource path="res://characters/HitBox.gd" type="Script" id=2]
[ext_resource path="res://characters/enemies/Monster.gd" type="Script" id=3]
[ext_resource path="res://characters/HealthManager.tscn" type="PackedScene" id=4]
[ext_resource path="res://characters/CharacterMover.tscn" type="PackedScene" id=5]
[ext_resource path="res://characters/enemies/AimAtObject.gd" type="Script" id=6]
[ext_resource path="res://weapons/TornadoSpawner.tscn" type="PackedScene" id=7]
[ext_resource path="res://characters/enemies/raw_assets/shade/move_loop.anim" type="Animation" id=8]

[sub_resource type="CapsuleShape" id=1]

[sub_resource type="CapsuleShape" id=2]

[node name="Shade" type="KinematicBody"]
script = ExtResource( 3 )
attack_range = 100.0

[node name="CollisionShape" type="CollisionShape" parent="."]
transform = Transform( 1, 0, 0, 0, -4.37114e-08, 1, 0, -1, -4.37114e-08, 0.0854768, 1.20005, 0 )
shape = SubResource( 1 )

[node name="Graphics" parent="." instance=ExtResource( 1 )]
transform = Transform( 0.583596, 0, 0, 0, 0.583596, 0, 0, 0, 0.583596, 0, 0, 0 )

[node name="Cube001" parent="Graphics/Armature/Skeleton" index="0"]
transform = Transform( 1, 0, 0, 0, 1, 0, 0, 0, 1, 0, 0, 0 )

[node name="body" type="BoneAttachment" parent="Graphics/Armature/Skeleton" index="1"]
transform = Transform( 0.624263, 0, 0, 0, -2.61232e-08, 0.597629, 0, -0.694842, -3.03725e-08, 0.15387, -0.443681, -0.110974 )

[node name="HitBox" type="Area" parent="Graphics/Armature/Skeleton/body"]
collision_layer = 4
collision_mask = 0
script = ExtResource( 2 )

[node name="CollisionShape" type="CollisionShape" parent="Graphics/Armature/Skeleton/body/HitBox"]
shape = SubResource( 2 )

[node name="head" type="BoneAttachment" parent="Graphics/Armature/Skeleton" index="2"]
transform = Transform( 1, 0, 0, 0, 1, 0, 0, 0, 1, 0.112791, 0.0598868, -0.00391684 )
bone_name = "head"

[node name="HitBox" type="Area" parent="Graphics/Armature/Skeleton/head"]
collision_layer = 4
collision_mask = 0
script = ExtResource( 2 )
weak_spot = true

[node name="CollisionShape" type="CollisionShape" parent="Graphics/Armature/Skeleton/head/HitBox"]
transform = Transform( 0.388517, 0, 0, 0, -1.23988e-08, 0.283652, 0, -0.385649, -1.68573e-08, -0.080133, 0.479528, -0.0362235 )
shape = SubResource( 2 )

[node name="tail1" type="BoneAttachment" parent="Graphics/Armature/Skeleton" index="3"]
transform = Transform( 0.600478, 0.423235, 0.678453, -0.317346, -0.652641, 0.688006, 0.733974, -0.628436, -0.257585, 0.112791, -0.940113, -0.00391688 )
bone_name = "tail_1"

[node name="HitBox" type="Area" parent="Graphics/Armature/Skeleton/tail1"]
collision_layer = 4
collision_mask = 0
script = ExtResource( 2 )

[node name="CollisionShape" type="CollisionShape" parent="Graphics/Armature/Skeleton/tail1/HitBox"]
transform = Transform( 0.393941, 0.0409881, 0.0603512, -0.0861588, -0.0600257, 0.274687, 0.0327518, -0.383715, -0.0361049, 0.0378022, 0.63912, 0.0822754 )
shape = SubResource( 2 )

[node name="tail2" type="BoneAttachment" parent="Graphics/Armature/Skeleton" index="4"]
transform = Transform( 0.451502, 0.286581, 0.844995, -0.134265, -0.914413, 0.381865, 0.88211, -0.285866, -0.374382, 0.473139, -1.49578, -0.538976 )
bone_name = "tail_2"

[node name="HitBox" type="Area" parent="Graphics/Armature/Skeleton/tail2"]
collision_layer = 4
collision_mask = 0
script = ExtResource( 2 )

[node name="CollisionShape" type="CollisionShape" parent="Graphics/Armature/Skeleton/tail2/HitBox"]
transform = Transform( 0.287783, 0.0158575, -0.0180819, -0.0880142, -0.0285076, 0.359186, 0.0312118, -0.283042, -0.0263652, 0.0316032, 0.551606, -0.0374287 )
shape = SubResource( 2 )

[node name="shoulderr" type="BoneAttachment" parent="Graphics/Armature/Skeleton" index="5"]
transform = Transform( 0.364662, -0.931053, -0.0127342, 0.931137, 0.364662, 0.00240465, 0.00240482, -0.0127342, 0.999916, -0.316338, 0.108596, -0.17456 )
bone_name = "shoulderr"

[node name="HitBox" type="Area" parent="Graphics/Armature/Skeleton/shoulderr"]
collision_layer = 4
collision_mask = 0
script = ExtResource( 2 )

[node name="CollisionShape" type="CollisionShape" parent="Graphics/Armature/Skeleton/shoulderr/HitBox"]
transform = Transform( 0.274371, 0.0132736, 0.0064192, -0.0537704, -0.0219103, 0.29663, 0.0316801, -0.282952, -0.0272208, 0.0372474, 0.419971, 0.00206204 )
shape = SubResource( 2 )

[node name="shoulderl" type="BoneAttachment" parent="Graphics/Armature/Skeleton" index="6"]
transform = Transform( 0.364662, 0.931053, 0.0127342, -0.931137, 0.364661, 0.00240473, -0.00240473, -0.0127342, 0.999916, 0.537799, 0.108596, -0.17456 )
bone_name = "shoulderl"

[node name="HitBox" type="Area" parent="Graphics/Armature/Skeleton/shoulderl"]
collision_layer = 4
collision_mask = 0
script = ExtResource( 2 )

[node name="CollisionShape" type="CollisionShape" parent="Graphics/Armature/Skeleton/shoulderl/HitBox"]
transform = Transform( 0.274371, 0.0132736, 0.0064192, -0.0537704, -0.0219103, 0.29663, 0.0316801, -0.282952, -0.0272208, -0.0413311, 0.450744, 0.00226498 )
shape = SubResource( 2 )

[node name="uparml" type="BoneAttachment" parent="Graphics/Armature/Skeleton" index="7"]
transform = Transform( -0.924517, 0.379769, -0.0322853, -0.380525, -0.924518, 0.0216326, -0.0216329, 0.0322851, 0.999244, 0.993867, 0.287222, -0.180798 )
bone_name = "uparml"

[node name="HitBox" type="Area" parent="Graphics/Armature/Skeleton/uparml"]
collision_layer = 4
collision_mask = 0
script = ExtResource( 2 )

[node name="CollisionShape" type="CollisionShape" parent="Graphics/Armature/Skeleton/uparml/HitBox"]
transform = Transform( 0.171146, 0.00626014, 0.00296479, -0.031691, -0.0171465, 0.172812, 0.0195304, -0.16413, -0.011199, -0.0178204, 0.403433, -0.0333307 )
shape = SubResource( 2 )

[node name="midarml" type="BoneAttachment" parent="Graphics/Armature/Skeleton" index="8"]
transform = Transform( -0.986034, 0.164338, -0.0270111, -0.163969, -0.986346, -0.0153558, -0.0291658, -0.0107122, 0.999517, 1.195, -0.202422, -0.163699 )
bone_name = "midarml"

[node name="HitBox" type="Area" parent="Graphics/Armature/Skeleton/midarml"]
collision_layer = 4
collision_mask = 0
script = ExtResource( 2 )

[node name="CollisionShape" type="CollisionShape" parent="Graphics/Armature/Skeleton/midarml/HitBox"]
transform = Transform( 0.152111, 0.0461913, 0.0425337, -0.118327, -0.154986, 0.26502, 0.0523165, -0.180071, 0.0001489, -0.0142906, 0.48693, 0.00299597 )
shape = SubResource( 2 )

[node name="midarmr" type="BoneAttachment" parent="Graphics/Armature/Skeleton" index="9"]
transform = Transform( -0.985818, -0.16425, 0.0344263, 0.165268, -0.985818, 0.0291494, 0.0291502, 0.0344257, 0.998982, -0.973539, -0.202422, -0.163699 )
bone_name = "midarmr"

[node name="HitBox" type="Area" parent="Graphics/Armature/Skeleton/midarmr"]
collision_layer = 4
collision_mask = 0
script = ExtResource( 2 )

[node name="CollisionShape" type="CollisionShape" parent="Graphics/Armature/Skeleton/midarmr/HitBox"]
transform = Transform( 0.182118, 0.0396232, -0.0194498, -0.0806999, -0.120317, 0.254556, 0.0104187, -0.181861, -0.00175911, 0.00878114, 0.48395, 0.000609159 )
shape = SubResource( 2 )

[node name="handr" type="BoneAttachment" parent="Graphics/Armature/Skeleton" index="10"]
transform = Transform( -0.948106, 0.316227, 0.0331092, -0.314624, -0.948106, 0.0459079, 0.0459083, 0.0331087, 0.998397, -1.09548, -0.934312, -0.138141 )
bone_name = "handr"

[node name="HitBox" type="Area" parent="Graphics/Armature/Skeleton/handr"]
collision_layer = 4
collision_mask = 0
script = ExtResource( 2 )

[node name="CollisionShape" type="CollisionShape" parent="Graphics/Armature/Skeleton/handr/HitBox"]
transform = Transform( 0.107583, 0.0697162, -0.0348486, -0.0501334, -0.0597895, 0.172541, 0.0145607, -0.104778, -0.0136707, -0.0107517, 0.392135, -0.0367849 )
shape = SubResource( 2 )

[node name="handl" type="BoneAttachment" parent="Graphics/Armature/Skeleton" index="11"]
transform = Transform( -0.948106, -0.316227, -0.0331091, 0.314624, -0.948106, 0.045908, -0.0459083, 0.0331088, 0.998397, 1.31694, -0.934312, -0.171648 )
bone_name = "handl"

[node name="HitBox" type="Area" parent="Graphics/Armature/Skeleton/handl"]
collision_layer = 4
collision_mask = 0
script = ExtResource( 2 )

[node name="CollisionShape" type="CollisionShape" parent="Graphics/Armature/Skeleton/handl/HitBox"]
transform = Transform( 0.0820768, 0.0136824, 0.0173885, -0.061487, -0.0675461, 0.153568, -0.00453123, -0.0981912, -0.0103066, 0.00926989, 0.333265, -0.00524139 )
shape = SubResource( 2 )

[node name="uparmr" type="BoneAttachment" parent="Graphics/Armature/Skeleton" index="12"]
transform = Transform( -0.924517, -0.379769, 0.0322853, 0.380525, -0.924517, 0.0216324, 0.0216329, 0.032285, 0.999244, -0.772405, 0.287222, -0.180798 )
bone_name = "uparmr"

[node name="HitBox" type="Area" parent="Graphics/Armature/Skeleton/uparmr"]
collision_layer = 4
collision_mask = 0
script = ExtResource( 2 )

[node name="CollisionShape" type="CollisionShape" parent="Graphics/Armature/Skeleton/uparmr/HitBox"]
transform = Transform( 0.171146, 0.00626013, 0.00296479, -0.031691, -0.0171465, 0.172812, 0.0195304, -0.16413, -0.0111991, 0.0141002, 0.40653, -0.0366235 )
shape = SubResource( 2 )

[node name="tail3" type="BoneAttachment" parent="Graphics/Armature/Skeleton" index="13"]
transform = Transform( 0.462532, -0.0385847, 0.885762, -0.0382393, -0.998991, -0.0235492, 0.885777, -0.0229785, -0.463541, 0.657494, -2.08401, -0.722871 )
bone_name = "tail_3"

[node name="HitBox" type="Area" parent="Graphics/Armature/Skeleton/tail3"]
collision_layer = 4
collision_mask = 0
script = ExtResource( 2 )

[node name="CollisionShape" type="CollisionShape" parent="Graphics/Armature/Skeleton/tail3/HitBox"]
transform = Transform( 0.147824, 0.0158548, 0.059833, -0.0555602, -0.0895044, 0.306471, 0.013436, -0.102118, -0.0262561, 0.0966271, 0.807683, -0.0521393 )
shape = SubResource( 2 )

[node name="AnimationPlayer" parent="Graphics" index="1"]
anims/walk_loop = ExtResource( 8 )

[node name="HealthManager" parent="." instance=ExtResource( 4 )]
max_health = 20

[node name="CharacterMover" parent="." instance=ExtResource( 5 )]
move_accel = 2
max_speed = 10
ignore_rotation = true

[node name="AimAtObject" type="Spatial" parent="."]
transform = Transform( -1, 0, 8.74228e-08, 0, 1, 0, -8.74228e-08, 0, -1, -0.200473, 1.68187, 0.977995 )
script = ExtResource( 6 )

[node name="TornadoSpawner" parent="AimAtObject" instance=ExtResource( 7 )]
transform = Transform( 1, 0, 0, 0, 1, 0, 0, 0, 1, 0, 0.0795062, 0 )

[editable path="Graphics"]
