[gd_scene load_steps=10 format=2]

[ext_resource path="res://characters/enemies/raw_assets/skeleton/skeleton.glb" type="PackedScene" id=1]
[ext_resource path="res://characters/HitBox.gd" type="Script" id=2]
[ext_resource path="res://characters/enemies/Monster.gd" type="Script" id=3]
[ext_resource path="res://characters/HealthManager.tscn" type="PackedScene" id=4]
[ext_resource path="res://characters/CharacterMover.tscn" type="PackedScene" id=5]
[ext_resource path="res://characters/enemies/AimAtObject.gd" type="Script" id=6]
[ext_resource path="res://weapons/DamageArea.tscn" type="PackedScene" id=7]

[sub_resource type="CapsuleShape" id=1]

[sub_resource type="CapsuleShape" id=2]
radius = 0.988063

[node name="Skeleton" type="KinematicBody"]
collision_layer = 2
collision_mask = 3
script = ExtResource( 3 )
attack_range = 4.0

[node name="CollisionShape" type="CollisionShape" parent="."]
transform = Transform( 1, 0, 0, 0, -4.37114e-08, -1, 0, 1, -4.37114e-08, 0, 1, 0 )
shape = SubResource( 1 )

[node name="Graphics" parent="." instance=ExtResource( 1 )]
transform = Transform( 0.325776, 0, 0, 0, 0.325776, 0, 0, 0, 0.325776, 0, -0.17052, 0 )

[node name="Skeleton" parent="Graphics/Armature" index="0"]
bones/1/bound_children = [ NodePath("head") ]
bones/2/bound_children = [ NodePath("uplegl") ]
bones/3/bound_children = [ NodePath("lowlegl") ]
bones/5/bound_children = [ NodePath("uparml") ]
bones/6/bound_children = [ NodePath("lowarml") ]
bones/7/bound_children = [ NodePath("uplegr") ]
bones/8/bound_children = [ NodePath("lowlegr") ]
bones/10/bound_children = [ NodePath("uparmr") ]
bones/11/bound_children = [ NodePath("lowarmr") ]

[node name="body" type="BoneAttachment" parent="Graphics/Armature/Skeleton" index="1"]

[node name="HitBox" type="Area" parent="Graphics/Armature/Skeleton/body"]
collision_layer = 4
collision_mask = 0
script = ExtResource( 2 )

[node name="CollisionShape" type="CollisionShape" parent="Graphics/Armature/Skeleton/body/HitBox"]
transform = Transform( 1.10158, 0, 0, 0, 1, 0, 0, 0, 0.773839, -0.300566, 0.0595932, -0.0985159 )
shape = SubResource( 2 )

[node name="CollisionShape3" type="CollisionShape" parent="Graphics/Armature/Skeleton/body/HitBox"]
transform = Transform( 0.989601, 0, 0, 0, 0.717085, 0, 0, 0, 0.579768, -0.277388, -2.68468, -0.145823 )
shape = SubResource( 2 )

[node name="CollisionShape2" type="CollisionShape" parent="Graphics/Armature/Skeleton/body/HitBox"]
transform = Transform( 0.225081, 0, 0, 0, 1.20458, 0, 0, 0, 0.129539, -0.262459, -1.47257, 0.244857 )
shape = SubResource( 2 )

[node name="head" type="BoneAttachment" parent="Graphics/Armature/Skeleton" index="2"]
transform = Transform( 0.999924, -0.0122467, -0.00180305, 0.0123725, 0.98414, 0.17696, -0.000392732, -0.176969, 0.984216, -0.303351, 1.77166, 0.0287546 )
bone_name = "head"

[node name="HitBox" type="Area" parent="Graphics/Armature/Skeleton/head"]
collision_layer = 4
collision_mask = 0
script = ExtResource( 2 )
weak_spot = true

[node name="CollisionShape" type="CollisionShape" parent="Graphics/Armature/Skeleton/head/HitBox"]
transform = Transform( 0.771521, 0.00219317, 0.000198623, 0.00241594, 0.881863, -0.0128623, 0.000282739, -0.0166216, 0.73947, -0.00535083, 0.692785, -0.0869956 )
shape = SubResource( 2 )

[node name="CollisionShape2" type="CollisionShape" parent="Graphics/Armature/Skeleton/head/HitBox"]
transform = Transform( 0.244837, 0.00782858, 0.00128928, 0.00893418, 0.863523, 0.109494, -0.000272991, -0.0147719, 0.143209, 0.00857741, -0.0342388, -0.0181804 )
shape = SubResource( 2 )

[node name="uparml" type="BoneAttachment" parent="Graphics/Armature/Skeleton" index="3"]
transform = Transform( -1, -1.01281e-07, -6.61239e-08, 1.00001e-07, -1, 6.25849e-07, -6.70552e-08, 5.66244e-07, 0.999994, -1.81217, -0.157907, -0.107274 )
bone_name = "uparml"

[node name="HitBox" type="Area" parent="Graphics/Armature/Skeleton/uparml"]
collision_layer = 4
collision_mask = 0
script = ExtResource( 2 )

[node name="CollisionShape2" type="CollisionShape" parent="Graphics/Armature/Skeleton/uparml/HitBox"]
transform = Transform( 0.158585, 0.00507063, 0.000835077, 0.0122915, 1.18802, 0.15064, -0.000239455, -0.0129571, 0.125613, 0.014661, 0.44376, -0.0181806 )
shape = SubResource( 2 )

[node name="CollisionShape3" type="CollisionShape" parent="Graphics/Armature/Skeleton/uparml/HitBox"]
transform = Transform( 0.328962, 0.0105185, 0.00173228, 0.00255252, 0.246748, 0.0317808, -0.000448047, -0.0239831, 0.238334, -0.401328, -0.674975, 0.102404 )
shape = SubResource( 2 )

[node name="uparmr" type="BoneAttachment" parent="Graphics/Armature/Skeleton" index="4"]
transform = Transform( -1, 2.08383e-08, 2.47732e-07, -2.22353e-08, -1, -7.00355e-07, 2.47732e-07, -7.7486e-07, 1.00001, 1.24797, -0.157906, -0.107273 )
bone_name = "uparmr"

[node name="HitBox" type="Area" parent="Graphics/Armature/Skeleton/uparmr"]
collision_layer = 4
collision_mask = 0
script = ExtResource( 2 )

[node name="CollisionShape2" type="CollisionShape" parent="Graphics/Armature/Skeleton/uparmr/HitBox"]
transform = Transform( 0.158585, 0.00507063, 0.000835077, 0.0122915, 1.18802, 0.15064, -0.000239455, -0.0129571, 0.125613, 0.014661, 0.44376, -0.0181806 )
shape = SubResource( 2 )

[node name="CollisionShape3" type="CollisionShape" parent="Graphics/Armature/Skeleton/uparmr/HitBox"]
transform = Transform( 0.328962, 0.0105185, 0.00173228, 0.00255252, 0.246748, 0.0317808, -0.000448047, -0.0239831, 0.238334, 0.410068, -0.61165, 0.102404 )
shape = SubResource( 2 )

[node name="lowarmr" type="BoneAttachment" parent="Graphics/Armature/Skeleton" index="5"]
transform = Transform( 0.999906, -0.00252955, 0.013464, -0.00302327, -0.999319, 0.0367762, 0.0133619, -0.0368139, -0.999241, 1.27818, -1.9792, -0.108899 )
bone_name = "lowarmr"

[node name="HitBox" type="Area" parent="Graphics/Armature/Skeleton/lowarmr"]
collision_layer = 4
collision_mask = 0
script = ExtResource( 2 )

[node name="CollisionShape2" type="CollisionShape" parent="Graphics/Armature/Skeleton/lowarmr/HitBox"]
transform = Transform( 0.158585, 0.00507063, 0.000835077, 0.0122915, 1.18802, 0.15064, -0.000239455, -0.0129571, 0.125613, 0.014661, 0.44376, -0.0181806 )
shape = SubResource( 2 )

[node name="lowarml" type="BoneAttachment" parent="Graphics/Armature/Skeleton" index="6"]
transform = Transform( 0.999906, 0.00252734, -0.0134639, 0.00302061, -0.999319, 0.036743, -0.0133618, -0.03678, -0.999228, -1.84238, -1.97824, -0.108897 )
bone_name = "lowarml"

[node name="HitBox" type="Area" parent="Graphics/Armature/Skeleton/lowarml"]
collision_layer = 4
collision_mask = 0
script = ExtResource( 2 )

[node name="CollisionShape2" type="CollisionShape" parent="Graphics/Armature/Skeleton/lowarml/HitBox"]
transform = Transform( 0.158585, 0.00507063, 0.000835077, 0.0122915, 1.18802, 0.15064, -0.000239455, -0.0129571, 0.125613, -0.00503945, 0.576516, -0.0228036 )
shape = SubResource( 2 )

[node name="uplegl" type="BoneAttachment" parent="Graphics/Armature/Skeleton" index="7"]
transform = Transform( -0.981098, 0.0321341, 0.190824, -0.0281516, -0.999326, 0.0235466, 0.191452, 0.0177287, 0.98134, -0.914476, -2.90114, -0.0937287 )
bone_name = "uplegl"

[node name="HitBox" type="Area" parent="Graphics/Armature/Skeleton/uplegl"]
collision_layer = 4
collision_mask = 0
script = ExtResource( 2 )

[node name="CollisionShape2" type="CollisionShape" parent="Graphics/Armature/Skeleton/uplegl/HitBox"]
transform = Transform( 0.154921, -0.175483, -0.0214307, 0.0505777, 1.53473, 0.188544, -0.000216305, 0.0160038, 0.129272, 0.091584, 2.1837, -0.0706894 )
shape = SubResource( 2 )

[node name="uplegr" type="BoneAttachment" parent="Graphics/Armature/Skeleton" index="8"]
transform = Transform( -0.981116, -0.0314893, -0.190839, 0.0275866, -0.999353, 0.0230727, -0.191442, 0.0173727, 0.981349, 0.173195, -2.82964, -0.0937284 )
bone_name = "uplegr"

[node name="HitBox" type="Area" parent="Graphics/Armature/Skeleton/uplegr"]
collision_layer = 4
collision_mask = 0
script = ExtResource( 2 )

[node name="CollisionShape2" type="CollisionShape" parent="Graphics/Armature/Skeleton/uplegr/HitBox"]
transform = Transform( 0.162084, 0.15055, 0.0175922, 0.0168625, 1.5354, 0.183433, 0.00177791, 0.0795948, 0.136975, -0.139095, 2.30313, -0.0983272 )
shape = SubResource( 2 )

[node name="lowlegr" type="BoneAttachment" parent="Graphics/Armature/Skeleton" index="9"]
transform = Transform( -0.982513, -0.012117, -0.185801, 0.0044546, -0.999125, 0.0416016, -0.186143, 0.0400467, 0.981705, 0.0610835, -6.38763, -0.0318764 )
bone_name = "lowlegr"

[node name="HitBox" type="Area" parent="Graphics/Armature/Skeleton/lowlegr"]
collision_layer = 4
collision_mask = 0
script = ExtResource( 2 )

[node name="CollisionShape2" type="CollisionShape" parent="Graphics/Armature/Skeleton/lowlegr/HitBox"]
transform = Transform( 0.162629, 0.0257031, -0.00723283, 0.0377095, 2.06273, 0.249211, -0.0113809, 0.0843277, 0.19155, -0.0660788, 1.59797, 0.126091 )
shape = SubResource( 2 )

[node name="lowlegl" type="BoneAttachment" parent="Graphics/Armature/Skeleton" index="10"]
transform = Transform( -0.98231, 0.0307405, 0.184722, -0.00947388, -0.993328, 0.114926, 0.187023, 0.111142, 0.976047, -0.802365, -6.38763, -0.0318763 )
bone_name = "lowlegl"

[node name="HitBox" type="Area" parent="Graphics/Armature/Skeleton/lowlegl"]
collision_layer = 4
collision_mask = 0
script = ExtResource( 2 )

[node name="CollisionShape2" type="CollisionShape" parent="Graphics/Armature/Skeleton/lowlegl/HitBox"]
transform = Transform( 0.162629, 0.0257031, -0.00723283, 0.0377095, 2.06273, 0.249211, -0.0113809, 0.0843277, 0.19155, -0.0921364, 1.58249, -0.00990033 )
shape = SubResource( 2 )

[node name="HealthManager" parent="." instance=ExtResource( 4 )]
max_health = 20

[node name="CharacterMover" parent="." instance=ExtResource( 5 )]
move_accel = 2
max_speed = 10
ignore_rotation = true

[node name="AimAtObject" type="Spatial" parent="."]
transform = Transform( 1, 0, 0, 0, 1, 0, 0, 0, 1, 0, 2.08911, 0 )
script = ExtResource( 6 )

[node name="DamageArea" parent="AimAtObject" instance=ExtResource( 7 )]
transform = Transform( 1, 0, 0, 0, 1, 0, 0, 0, 1, 0, -0.257381, 2.16815 )

[editable path="Graphics"]
